17.16150284
17.20444107
17.29648336
17.27620570
17.39802933
17.43377558
17.51096471
17.58340963
17.60847727
17.74886831
17.83190409
17.93506749
18.07748795
18.24403127
18.40850194
18.66119130
18.85467275
19.10569636
19.46371969
19.69235357
20.07852809
20.51534271
20.81053670
21.33494822
21.94116211
22.46104685
22.96372859
23.79682287
24.35698446
25.12252808
25.95859400
26.95238495
27.66843923
28.74052175
29.66940943
30.86101659
32.08038457
33.03692500
34.16725413
35.69885635
36.59188461
38.02885183
39.41561381
40.95233917
42.21806081
43.55614599
44.80173111
46.53248596
48.05484772
49.47060013
51.16112264
52.76515961
54.08132172
55.60579681
57.67622248
58.78534317
60.64151128
62.22186406
64.12185415
65.53357061
67.18998591
-92559631349317830736831783200707727132248687965119994463780864.00000000
