0.02585091
0.02606595
0.02629841
0.02652517
0.02675820
0.02704698
0.02730887
0.02763055
0.02792601
0.02827620
0.02863927
0.02906087
0.02956702
0.02995183
0.03060306
0.03122588
0.03189541
0.03261180
0.03364575
0.03428880
0.03528301
0.03646245
0.03732719
0.03862118
0.04006986
0.04154974
0.04264835
0.04464315
0.04603856
0.04831802
0.05015724
0.05278923
0.05417657
0.05643125
0.05856914
0.06158067
0.06431888
0.06680190
0.06913370
0.07203338
0.07477392
0.07811812
0.08018730
0.08355582
0.08661269
0.08937158
0.09172072
0.09608400
0.09842281
0.10152929
0.10478172
0.10798346
0.11121693
0.11308144
0.11781744
0.12054757
0.12388267
0.12628493
0.12965338
0.13274576
0.13558468
-92559631349317830736831783200707727132248687965119994463780864.00000000
