0.04448475
0.04460641
0.04483441
0.04475386
0.04511171
0.04518133
0.04538454
0.04556993
0.04563119
0.04596426
0.04618113
0.04644812
0.04682350
0.04721252
0.04765685
0.04822143
0.04868879
0.04918853
0.05008525
0.05065327
0.05153568
0.05238002
0.05293680
0.05438782
0.05562932
0.05671550
0.05783771
0.05951793
0.06055734
0.06213587
0.06383833
0.06597811
0.06756957
0.06967960
0.07164295
0.07350194
0.07631299
0.07809989
0.08019838
0.08352905
0.08477240
0.08754283
0.08993205
0.09292468
0.09508117
0.09793008
0.09963101
0.10302318
0.10548812
0.10802786
0.11095515
0.11378314
0.11548825
0.11842357
0.12185449
0.12377317
0.12646247
0.12942369
0.13224235
0.13458964
0.13740514
-92559631349317830736831783200707727132248687965119994463780864.00000000
