5.04001236
5.10378138
5.17352676
5.24478277
5.32386525
5.41163381
5.49101130
5.57040787
5.64332326
5.74561437
5.84317144
5.95905558
6.08710353
6.26831563
6.37249374
6.58264542
6.81756083
7.02749125
7.28002167
7.64554087
7.94382222
8.33091227
8.74178823
9.19599279
9.76704025
10.38767370
10.90937297
11.46259562
12.23575211
13.11481222
13.86226908
14.81849416
15.81595612
16.60773722
17.72320048
18.94952647
20.01056671
21.30060832
22.64638646
24.12274043
24.97712580
26.69194794
28.17592494
29.58801524
31.18799973
32.86443329
34.58452479
35.83064270
37.82533264
39.40335083
41.22417959
42.93321864
44.70731990
46.56596629
48.02378718
50.30103302
52.27447128
53.55057780
56.14870199
57.62364833
59.62501272
