0.01198787
0.01213068
0.01227794
0.01243104
0.01261870
0.01278753
0.01296195
0.01315372
0.01335667
0.01358122
0.01386511
0.01418348
0.01449986
0.01507433
0.01530080
0.01594318
0.01660695
0.01721209
0.01804512
0.01900344
0.01997892
0.02106552
0.02238941
0.02379015
0.02559203
0.02724421
0.02889127
0.03057624
0.03273825
0.03522350
0.03728104
0.03984135
0.04311604
0.04518468
0.04847438
0.05163382
0.05444220
0.05831161
0.06159324
0.06561357
0.06826615
0.07228690
0.07547256
0.07933721
0.08316912
0.08723743
0.09124959
0.09469624
0.09911616
0.10275457
0.10668928
0.11068160
0.11546323
0.11895175
0.12208415
0.12713355
0.13061941
0.13365720
0.13802880
0.14112081
0.14542395
