0.01597734
0.01623360
0.01650017
0.01678906
0.01712591
0.01743582
0.01772917
0.01805375
0.01835651
0.01870591
0.01910745
0.01951619
0.01993218
0.02059620
0.02084314
0.02158911
0.02230302
0.02288246
0.02364379
0.02484182
0.02580692
0.02682366
0.02804095
0.02945879
0.03087163
0.03270553
0.03418170
0.03584250
0.03806572
0.04041034
0.04223908
0.04510400
0.04779936
0.04988268
0.05269098
0.05639638
0.05935377
0.06247931
0.06624637
0.06961424
0.07193206
0.07615086
0.08005565
0.08364024
0.08754875
0.09165209
0.09578586
0.09926159
0.10386052
0.10770360
0.11211043
0.11662272
0.12000562
0.12428754
0.12651561
0.13269883
0.13656014
0.13932763
0.14523339
0.14849086
0.15249144
